Dims = 4 x 4
Haut = 1 2 3 0
Bas  = 2 0 3 1
==================================================
Dims = 5 x 7
Haut = 1 2 3 4 5 6 0
Bas  = 0 1 2 3 4 5 6
==================================================
Dims = 6 x 14
Haut = 1 2 3 4 0 0 5 6 0 0 7 8 9 10
Bas  = 0 1 2 3 4 0 5 6 0 7 8 9 10 0
==================================================
Dims = 5 x 8
Haut = 1 2 0 0 4 6 6 5
Bas  = 2 3 0 4 1 5 3 0
==================================================
# dog-leg
Dims = 5 x 2
Haut = 1 2
Bas  = 2 1
==================================================
Dims = 5 x 21
Haut = 1 0 0 0 0 3 0 0 0 0 2 3 0 6 0 0 0 5 0 0 7
Bas  = 0 0 2 0 0 0 0 1 0 4 0 0 5 0 0 0 4 0 7 6 0
==================================================
Dims = 7 x 19
Haut = 1 0 0 3 0 2 0 1 0 3 0 4 1 2 0 3 0 4 5
Bas  = 0 2 1 3 0 4 0 2 0 5 0 5 0 4 0 3 4 1 0
